err_6: -0.113461273397
err_5: -0.0011326458828
err_4: -0.00139622186704
err_3: -0.00446113365881
w_56: 0.372989171348
w_46: 0.679690432062
w_36: -0.629515369805
w_25: 0.488749428446
w_24: -3.00249923714
w_23: 1.96738465182
w_15: 3.98874942845
w_14: 1.99750076286
w_13: -3.03261534818
